  Layer  Stave Chip     X         Y           Z        r         phi
    00    00    00    3.1268    0.4325    -12.7290   3.1565    0.1374
    00    00    01    3.1183    0.4340     -9.7149   3.1484    0.1383
    00    00    02    3.1128    0.4373     -6.7010   3.1434    0.1396
    00    00    03    3.1083    0.4421     -3.6867   3.1396    0.1413
    00    00    04    3.1044    0.4463     -0.6721   3.1363    0.1428
    00    00    05    3.0992    0.4506      2.3420   3.1318    0.1444
    00    00    06    3.0957    0.4556      5.3548   3.1291    0.1461
    00    00    07    3.0911    0.4606      8.3703   3.1252    0.1479
    00    00    08    3.0840    0.4635     11.3815   3.1187    0.1492
    00    01    00    2.4752    1.5721    -12.7251   2.9323    0.5659
    00    01    01    2.4716    1.5776     -9.7100   2.9322    0.5681
    00    01    02    2.4666    1.5838     -6.6959   2.9314    0.5708
    00    01    03    2.4617    1.5907     -3.6820   2.9309    0.5737
    00    01    04    2.4563    1.5982     -0.6669   2.9304    0.5768
    00    01    05    2.4510    1.6031      2.3490   2.9287    0.5792
    00    01    06    2.4465    1.6070      5.3627   2.9271    0.5812
    00    01    07    2.4403    1.6109      8.3750   2.9241    0.5835
    00    01    08    2.4324    1.6097     11.3900   2.9168    0.5846
    00    02    00    1.3597    2.2326    -12.7152   2.6141    1.0238
    00    02    01    1.3541    2.2361     -9.6996   2.6141    1.0263
    00    02    02    1.3481    2.2421     -6.6850   2.6162    1.0295
    00    02    03    1.3412    2.2489     -3.6710   2.6184    1.0330
    00    02    04    1.3345    2.2556     -0.6560   2.6208    1.0365
    00    02    05    1.3271    2.2626      2.3586   2.6231    1.0403
    00    02    06    1.3202    2.2667      5.3733   2.6231    1.0434
    00    02    07    1.3135    2.2713      8.3873   2.6237    1.0465
    00    02    08    1.3079    2.2742     11.4021   2.6235    1.0489
    00    03    00   -0.0208    2.2881    -12.6973   2.2882    1.5799
    00    03    01   -0.0207    2.2845     -9.6840   2.2846    1.5799
    00    03    02   -0.0191    2.2809     -6.6700   2.2809    1.5792
    00    03    03   -0.0181    2.2764     -3.6547   2.2765    1.5788
    00    03    04   -0.0172    2.2720     -0.6393   2.2721    1.5784
    00    03    05   -0.0165    2.2673      2.3754   2.2673    1.5781
    00    03    06   -0.0151    2.2638      5.3891   2.2639    1.5775
    00    03    07   -0.0139    2.2608      8.4040   2.2608    1.5769
    00    03    08   -0.0121    2.2598     11.4180   2.2598    1.5762
    00    04    00   -1.1398    1.6140    -12.6883   1.9759    2.1857
    00    04    01   -1.1341    1.6165     -9.6773   1.9747    2.1826
    00    04    02   -1.1301    1.6179     -6.6631   1.9735    2.1805
    00    04    03   -1.1285    1.6200     -3.6487   1.9743    2.1792
    00    04    04   -1.1289    1.6217     -0.6350   1.9759    2.1789
    00    04    05   -1.1298    1.6229      2.3781   1.9774    2.1790
    00    04    06   -1.1309    1.6247      5.3929   1.9795    2.1789
    00    04    07   -1.1342    1.6277      8.4061   1.9839    2.1794
    00    04    08   -1.1384    1.6294     11.4205   1.9877    2.1806
    00    05    00   -1.7779    0.4947    -12.6917   1.8455    2.8702
    00    05    01   -1.7771    0.4985     -9.6766   1.8457    2.8681
    00    05    02   -1.7770    0.5013     -6.6633   1.8464    2.8666
    00    05    03   -1.7784    0.5042     -3.6488   1.8485    2.8653
    00    05    04   -1.7797    0.5066     -0.6351   1.8504    2.8643
    00    05    05   -1.7820    0.5084      2.3789   1.8531    2.8637
    00    05    06   -1.7837    0.5105      5.3931   1.8553    2.8628
    00    05    07   -1.7854    0.5128      8.4062   1.8576    2.8619
    00    05    08   -1.7889    0.5152     11.4205   1.8617    2.8612
    00    06    00   -1.7704   -0.7888    -12.6829   1.9382   -2.7225
    00    06    01   -1.7671   -0.7823     -9.6692   1.9325   -2.7248
    00    06    02   -1.7666   -0.7766     -6.6561   1.9298   -2.7274
    00    06    03   -1.7693   -0.7726     -3.6428   1.9306   -2.7299
    00    06    04   -1.7732   -0.7698     -0.6291   1.9331   -2.7320
    00    06    05   -1.7790   -0.7685      2.3847   1.9379   -2.7338
    00    06    06   -1.7861   -0.7680      5.3986   1.9443   -2.7355
    00    06    07   -1.7937   -0.7679      8.4121   1.9512   -2.7371
    00    06    08   -1.8011   -0.7685     11.4260   1.9582   -2.7383
    00    07    00   -1.1651   -1.7638    -12.7540   2.1139   -2.1545
    00    07    01   -1.1141   -1.8829     -9.6696   2.1878   -2.1051
    00    07    02   -1.1168   -1.8790     -6.6556   2.1858   -2.1070
    00    07    03   -1.1218   -1.8768     -3.6420   2.1865   -2.1095
    00    07    04   -1.1284   -1.8754     -0.6290   2.1887   -2.1125
    00    07    05   -1.1335   -1.8753      2.3853   2.1913   -2.1145
    00    07    06   -1.1407   -1.8751      5.3991   2.1948   -2.1174
    00    07    07   -1.1479   -1.8756      8.4136   2.1989   -2.1200
    00    07    08   -1.1546   -1.8756     11.4283   2.2025   -2.1226
    00    08    00    0.0165   -2.5115    -12.6775   2.5115   -1.5642
    00    08    01    0.0121   -2.5099     -9.6653   2.5100   -1.5660
    00    08    02    0.0080   -2.5083     -6.6520   2.5083   -1.5676
    00    08    03    0.0021   -2.5086     -3.6383   2.5086   -1.5700
    00    08    04   -0.0038   -2.5098     -0.6247   2.5098   -1.5723
    00    08    05   -0.0097   -2.5115      2.3898   2.5115   -1.5747
    00    08    06   -0.0164   -2.5138      5.4039   2.5138   -1.5773
    00    08    07   -0.0239   -2.5150      8.4185   2.5152   -1.5803
    00    08    08   -0.0300   -2.5153     11.4331   2.5155   -1.5827
    00    09    00    1.3404   -2.5415    -12.7466   2.8733   -1.0855
    00    09    01    1.3390   -2.5406     -9.7309   2.8719   -1.0858
    00    09    02    1.3363   -2.5387     -6.7172   2.8689   -1.0863
    00    09    03    1.3324   -2.5350     -3.7018   2.8639   -1.0869
    00    09    04    1.3284   -2.5302     -0.6877   2.8577   -1.0873
    00    09    05    1.3255   -2.5232      2.3268   2.8502   -1.0871
    00    09    06    1.3209   -2.5179      5.3409   2.8433   -1.0877
    00    09    07    1.3161   -2.5125      8.3541   2.8363   -1.0883
    00    09    08    1.3144   -2.5087     11.3688   2.8322   -1.0882
    00    10    00    2.4592   -1.8889    -12.7466   3.1009   -0.6550
    00    10    01    2.4547   -1.8855     -9.7320   3.0953   -0.6550
    00    10    02    2.4510   -1.8817     -6.7180   3.0900   -0.6547
    00    10    03    2.4484   -1.8766     -3.7020   3.0849   -0.6540
    00    10    04    2.4446   -1.8711     -0.6871   3.0785   -0.6533
    00    10    05    2.4414   -1.8656      2.3276   3.0726   -0.6525
    00    10    06    2.4387   -1.8615      5.3411   3.0680   -0.6520
    00    10    07    2.4350   -1.8555      8.3554   3.0614   -0.6511
    00    10    08    2.4336   -1.8532     11.3700   3.0589   -0.6508
    00    11    00    3.1000   -0.7596    -12.7375   3.1917   -0.2403
    00    11    01    3.0968   -0.7571     -9.7237   3.1881   -0.2398
    00    11    02    3.0929   -0.7532     -6.7092   3.1833   -0.2389
    00    11    03    3.0907   -0.7484     -3.6945   3.1800   -0.2376
    00    11    04    3.0868   -0.7421     -0.6796   3.1748   -0.2359
    00    11    05    3.0852   -0.7350      2.3362   3.1716   -0.2339
    00    11    06    3.0825   -0.7289      5.3497   3.1676   -0.2322
    00    11    07    3.0800   -0.7247      8.3634   3.1641   -0.2311
    00    11    08    3.0789   -0.7216     11.3775   3.1623   -0.2302
    01    00    00    3.9031    0.5166    -12.7551   3.9372    0.1316
    01    00    01    3.9041    0.5187     -9.7417   3.9384    0.1321
    01    00    02    3.9052    0.5200     -6.7275   3.9397    0.1324
    01    00    03    3.9063    0.5205     -3.7128   3.9408    0.1325
    01    00    04    3.9080    0.5202     -0.6989   3.9424    0.1323
    01    00    05    3.9091    0.5201      2.3156   3.9435    0.1323
    01    00    06    3.9087    0.5194      5.3301   3.9431    0.1321
    01    00    07    3.8285    0.5686      8.3338   3.8705    0.1474
    01    00    08    3.9099    0.5184     11.3578   3.9441    0.1318
    01    01    00    3.3811    1.7092    -12.7608   3.7885    0.4680
    01    01    01    3.3809    1.7079     -9.7471   3.7878    0.4678
    01    01    02    3.3811    1.7062     -6.7328   3.7872    0.4673
    01    01    03    3.3820    1.7050     -3.7189   3.7875    0.4669
    01    01    04    3.3829    1.7040     -0.7042   3.7878    0.4666
    01    01    05    3.3839    1.7042      2.3103   3.7889    0.4665
    01    01    06    3.3854    1.7053      5.3252   3.7907    0.4666
    01    01    07    3.3088    1.7650      8.2696   3.7502    0.4900
    01    01    08    3.3911    1.7110     11.3540   3.7983    0.4673
    01    02    00    2.4499    2.6184    -12.7489   3.5858    0.8186
    01    02    01    2.4503    2.6186     -9.7343   3.5863    0.8186
    01    02    02    2.4510    2.6187     -6.7203   3.5868    0.8185
    01    02    03    2.4517    2.6191     -3.7066   3.5876    0.8184
    01    02    04    2.4524    2.6207     -0.6922   3.5892    0.8186
    01    02    05    2.4535    2.6223      2.3221   3.5911    0.8186
    01    02    06    2.4567    2.6240      5.3367   3.5946    0.8183
    01    02    07    2.4602    2.6251      8.3515   3.5977    0.8178
    01    02    08    2.4643    2.6268     11.3666   3.6017    0.8173
    01    03    00    1.2370    3.0981    -12.7651   3.3359    1.1909
    01    03    01    1.2384    3.1015     -9.7509   3.3396    1.1909
    01    03    02    1.2416    3.1040     -6.7356   3.3431    1.1903
    01    03    03    1.2452    3.1071     -3.7212   3.3473    1.1896
    01    03    04    1.2498    3.1101     -0.7067   3.3518    1.1887
    01    03    05    1.2539    3.1122      2.3076   3.3553    1.1878
    01    03    06    1.2566    3.1135      5.3221   3.3575    1.1872
    01    03    07    1.2599    3.1145      8.3369   3.3597    1.1864
    01    03    08    1.2627    3.1149     11.3516   3.3611    1.1857
    01    04    00   -0.0370    3.1200    -12.6963   3.1202    1.5827
    01    04    01   -0.0387    3.1179     -9.6816   3.1181    1.5832
    01    04    02   -0.0392    3.1161     -6.6679   3.1164    1.5834
    01    04    03   -0.0401    3.1140     -3.6538   3.1143    1.5837
    01    04    04   -0.0418    3.1127     -0.6396   3.1130    1.5842
    01    04    05   -0.0446    3.1117      2.3743   3.1120    1.5851
    01    04    06   -0.0477    3.1120      5.3881   3.1123    1.5861
    01    04    07   -0.0500    3.1106      8.4019   3.1110    1.5869
    01    04    08   -0.0514    3.1110     11.4161   3.1114    1.5873
    01    05    00   -1.2366    2.5555    -12.7113   2.8390    2.0215
    01    05    01   -1.2304    2.6185     -9.6909   2.8932    2.0101
    01    05    02   -1.2334    2.6203     -6.6749   2.8960    2.0107
    01    05    03   -1.2358    2.6202     -3.6605   2.8970    2.0115
    01    05    04   -1.2374    2.6200     -0.6462   2.8975    2.0120
    01    05    05   -1.2390    2.6202      2.3686   2.8983    2.0125
    01    05    06   -1.2395    2.6196      5.3837   2.8981    2.0128
    01    05    07   -1.2405    2.6199      8.3979   2.8988    2.0130
    01    05    08   -1.2402    2.6186     11.4119   2.8974    2.0131
    01    06    00   -2.1389    1.7097    -12.6976   2.7383    2.4673
    01    06    01   -2.1420    1.7089     -9.6828   2.7402    2.4682
    01    06    02   -2.1434    1.7082     -6.6681   2.7409    2.4687
    01    06    03   -2.1445    1.7062     -3.6533   2.7404    2.4695
    01    06    04   -2.1446    1.7044     -0.6382   2.7394    2.4701
    01    06    05   -2.1447    1.7026      2.3772   2.7384    2.4706
    01    06    06   -2.1445    1.7009      5.3924   2.7371    2.4710
    01    06    07   -2.1441    1.7006      8.4068   2.7366    2.4710
    01    06    08   -2.1436    1.6993     11.4207   2.7354    2.4713
    01    07    00   -2.6252    0.5241    -12.7064   2.6770    2.9445
    01    07    01   -2.6257    0.5211     -9.6898   2.6769    2.9457
    01    07    02   -2.6282    0.5183     -6.6744   2.6788    2.9469
    01    07    03   -2.6300    0.5155     -3.6575   2.6800    2.9480
    01    07    04   -2.6306    0.5137     -0.6416   2.6803    2.9487
    01    07    05   -2.6305    0.5116      2.3745   2.6798    2.9495
    01    07    06   -2.6295    0.5095      5.3902   2.6784    2.9502
    01    07    07   -2.6276    0.5077      8.4049   2.6762    2.9507
    01    07    08   -2.6264    0.5060     11.4187   2.6747    2.9513
    01    08    00   -2.6373   -0.7584    -12.6987   2.7441   -2.8616
    01    08    01   -2.6391   -0.7610     -9.6836   2.7466   -2.8609
    01    08    02   -2.6397   -0.7635     -6.6691   2.7479   -2.8600
    01    08    03   -2.6395   -0.7660     -3.6548   2.7484   -2.8592
    01    08    04   -2.6382   -0.7676     -0.6400   2.7476   -2.8584
    01    08    05   -2.6362   -0.7691      2.3742   2.7461   -2.8577
    01    08    06   -2.6345   -0.7707      5.3887   2.7449   -2.8570
    01    08    07   -2.6326   -0.7728      8.4031   2.7436   -2.8561
    01    08    08   -2.6313   -0.7754     11.4178   2.7432   -2.8550
    01    09    00   -2.1597   -2.0452    -12.6989   2.9744   -2.3834
    01    09    01   -2.1369   -1.9413     -9.6709   2.8870   -2.4041
    01    09    02   -2.1369   -1.9461     -6.6558   2.8903   -2.4029
    01    09    03   -2.1357   -1.9500     -3.6411   2.8921   -2.4016
    01    09    04   -2.1347   -1.9543     -0.6265   2.8942   -2.4003
    01    09    05   -2.1316   -1.9575      2.3883   2.8941   -2.3987
    01    09    06   -2.1282   -1.9597      5.4030   2.8931   -2.3974
    01    09    07   -2.1243   -1.9613      8.4176   2.8912   -2.3961
    01    09    08   -2.1194   -1.9615     11.4325   2.8877   -2.3949
    01    10    00   -1.2115   -2.8212    -12.6841   3.0703   -1.9764
    01    10    01   -1.2103   -2.8257     -9.6700   3.0740   -1.9755
    01    10    02   -1.2071   -2.8288     -6.6546   3.0756   -1.9741
    01    10    03   -1.2038   -2.8318     -3.6391   3.0770   -1.9728
    01    10    04   -1.2004   -2.8351     -0.6243   3.0787   -1.9713
    01    10    05   -1.1963   -2.8385      2.3915   3.0803   -1.9696
    01    10    06   -1.1928   -2.8424      5.4062   3.0825   -1.9681
    01    10    07   -1.1889   -2.8445      8.4205   3.0830   -1.9667
    01    10    08   -1.1841   -2.8450     11.4359   3.0815   -1.9652
    01    11    00   -0.0311   -3.3298    -12.6520   3.3300   -1.5801
    01    11    01   -0.0251   -3.3446     -9.6821   3.3447   -1.5783
    01    11    02   -0.0209   -3.3466     -6.6676   3.3466   -1.5770
    01    11    03   -0.0159   -3.3490     -3.6529   3.3491   -1.5755
    01    11    04   -0.0107   -3.3505     -0.6381   3.3505   -1.5740
    01    11    05   -0.0048   -3.3521      2.3783   3.3521   -1.5722
    01    11    06   -0.0003   -3.3526      5.3940   3.3526   -1.5709
    01    11    07    0.0038   -3.3519      8.4096   3.3520   -1.5697
    01    11    08    0.0073   -3.3517     11.4246   3.3517   -1.5686
    01    12    00    1.3341   -3.3446    -12.7623   3.6009   -1.1913
    01    12    01    1.3344   -3.3438     -9.7477   3.6002   -1.1911
    01    12    02    1.3346   -3.3431     -6.7330   3.5996   -1.1910
    01    12    03    1.3351   -3.3420     -3.7171   3.5988   -1.1907
    01    12    04    1.3349   -3.3407     -0.7025   3.5976   -1.1906
    01    12    05    1.3358   -3.3398      2.3131   3.5971   -1.1903
    01    12    06    1.3369   -3.3396      5.3277   3.5972   -1.1900
    01    12    07    1.3377   -3.3380      8.3415   3.5961   -1.1896
    01    12    08    1.3396   -3.3389     11.3574   3.5976   -1.1892
    01    13    00    2.5109   -2.8409    -12.7576   3.7915   -0.8470
    01    13    01    2.5133   -2.8418     -9.7431   3.7938   -0.8467
    01    13    02    2.5170   -2.8432     -6.7287   3.7973   -0.8462
    01    13    03    2.5202   -2.8430     -3.7135   3.7992   -0.8455
    01    13    04    2.5240   -2.8420     -0.6979   3.8010   -0.8446
    01    13    05    2.5266   -2.8402      2.3173   3.8013   -0.8438
    01    13    06    2.5291   -2.8377      5.3317   3.8012   -0.8429
    01    13    07    2.5307   -2.8346      8.3469   3.7999   -0.8420
    01    13    08    2.5317   -2.8323     11.3627   3.7989   -0.8414
    01    14    00    3.4084   -1.9058    -12.7793   3.9050   -0.5098
    01    14    01    3.4120   -1.9035     -9.7653   3.9070   -0.5089
    01    14    02    3.4144   -1.9012     -6.7503   3.9080   -0.5081
    01    14    03    3.4161   -1.8996     -3.7348   3.9087   -0.5075
    01    14    04    3.4178   -1.8995     -0.7190   3.9101   -0.5073
    01    14    05    3.4198   -1.8990      2.2966   3.9117   -0.5069
    01    14    06    3.4210   -1.8977      5.3117   3.9121   -0.5065
    01    14    07    3.4233   -1.8965      8.3272   3.9136   -0.5059
    01    14    08    3.4246   -1.8960     11.3433   3.9144   -0.5056
    01    15    00    3.8757   -0.7026    -12.7737   3.9389   -0.1793
    01    15    01    3.8767   -0.7005     -9.7591   3.9394   -0.1788
    01    15    02    3.8788   -0.6982     -6.7437   3.9411   -0.1781
    01    15    03    3.8813   -0.6970     -3.7285   3.9434   -0.1777
    01    15    04    3.8845   -0.6956     -0.7126   3.9463   -0.1772
    01    15    05    3.8871   -0.6932      2.3041   3.9484   -0.1765
    01    15    06    3.8896   -0.6921      5.3201   3.9507   -0.1761
    01    15    07    3.8912   -0.6905      8.3358   3.9520   -0.1756
    01    15    08    3.8927   -0.6897     11.3519   3.9533   -0.1754
    02    00    00    4.7012    0.5061    -12.7608   4.7284    0.1072
    02    00    01    4.7020    0.5078     -9.7468   4.7293    0.1076
    02    00    02    4.7045    0.5094     -6.7317   4.7320    0.1078
    02    00    03    4.7065    0.5105     -3.7171   4.7341    0.1080
    02    00    04    4.7093    0.5111     -0.7035   4.7370    0.1081
    02    00    05    4.7118    0.5113      2.3112   4.7394    0.1081
    02    00    06    4.7151    0.5118      5.3270   4.7428    0.1081
    02    00    07    4.7211    0.5131      8.3465   4.7489    0.1083
    02    00    08    4.7282    0.5118     11.3564   4.7558    0.1078
    02    01    00    4.2902    1.7388    -12.7587   4.6292    0.3851
    02    01    01    4.2917    1.7371     -9.7445   4.6299    0.3846
    02    01    02    4.2936    1.7354     -6.7304   4.6311    0.3841
    02    01    03    4.2972    1.7347     -3.7162   4.6341    0.3837
    02    01    04    4.3003    1.7344     -0.7019   4.6369    0.3834
    02    01    05    4.3038    1.7356      2.3116   4.6406    0.3833
    02    01    06    4.3073    1.7356      5.3274   4.6438    0.3830
    02    01    07    4.3154    1.7395      8.3509   4.6528    0.3832
    02    01    08    4.3229    1.7414     11.3570   4.6605    0.3830
    02    02    00    3.5254    2.7907    -12.7565   4.4963    0.6696
    02    02    01    3.5300    2.7907     -9.7430   4.4999    0.6690
    02    02    02    3.5349    2.7901     -6.7287   4.5033    0.6682
    02    02    03    3.5393    2.7887     -3.7149   4.5060    0.6673
    02    02    04    3.5437    2.7878     -0.7003   4.5088    0.6666
    02    02    05    3.5477    2.7875      2.3141   4.5118    0.6660
    02    02    06    3.5516    2.7874      5.3289   4.5148    0.6654
    02    02    07    3.5569    2.7873      8.3468   4.5189    0.6647
    02    02    08    3.5611    2.7869     11.3617   4.5220    0.6640
    02    03    00    2.4665    3.5406    -12.7556   4.3151    0.9623
    02    03    01    2.4700    3.5417     -9.7417   4.3179    0.9618
    02    03    02    2.4763    3.5421     -6.7263   4.3218    0.9607
    02    03    03    2.4828    3.5444     -3.7125   4.3275    0.9597
    02    03    04    2.4883    3.5457     -0.6986   4.3317    0.9589
    02    03    05    2.4939    3.5473      2.3160   4.3362    0.9580
    02    03    06    2.4996    3.5481      5.3302   4.3401    0.9571
    02    03    07    2.5055    3.5490      8.3450   4.3443    0.9561
    02    03    08    2.5116    3.5499     11.3610   4.3486    0.9550
    02    04    00    1.2292    3.9391    -12.7481   4.1264    1.2683
    02    04    01    1.2337    3.9371     -9.7344   4.1259    1.2671
    02    04    02    1.2397    3.9371     -6.7190   4.1276    1.2657
    02    04    03    1.2458    3.9376     -3.7052   4.1299    1.2644
    02    04    04    1.2525    3.9406     -0.6912   4.1349    1.2631
    02    04    05    1.2591    3.9425      2.3227   4.1386    1.2617
    02    04    06    1.2653    3.9439      5.3376   4.1419    1.2603
    02    04    07    1.2719    3.9469      8.3527   4.1468    1.2590
    02    04    08    1.2793    3.9501     11.3674   4.1521    1.2576
    02    05    00   -0.0375    3.9560    -12.6997   3.9562    1.5803
    02    05    01   -0.0369    3.9577     -9.6833   3.9579    1.5801
    02    05    02   -0.0338    3.9600     -6.6689   3.9601    1.5793
    02    05    03   -0.0307    3.9602     -3.6551   3.9603    1.5786
    02    05    04   -0.0276    3.9607     -0.6413   3.9608    1.5778
    02    05    05   -0.0242    3.9592      2.3715   3.9592    1.5769
    02    05    06   -0.0218    3.9587      5.3857   3.9588    1.5763
    02    05    07   -0.0199    3.9576      8.3988   3.9577    1.5758
    02    05    08   -0.0174    3.9588     11.4131   3.9588    1.5752
    02    06    00   -1.2590    3.5470    -12.6996   3.7638    1.9119
    02    06    01   -1.2632    3.5664     -9.6959   3.7835    1.9112
    02    06    02   -1.2644    3.5714     -6.6771   3.7886    1.9111
    02    06    03   -1.2631    3.5744     -3.6627   3.7910    1.9105
    02    06    04   -1.2611    3.5774     -0.6466   3.7932    1.9097
    02    06    05   -1.2592    3.5791      2.3697   3.7942    1.9091
    02    06    06   -1.2558    3.5798      5.3857   3.7937    1.9082
    02    06    07   -1.2539    3.5816      8.4014   3.7947    1.9075
    02    06    08   -1.2512    3.5832     11.4149   3.7954    1.9067
    02    07    00   -2.3039    2.8195    -12.7075   3.6410    2.2559
    02    07    01   -2.3005    2.8205     -9.6904   3.6397    2.2550
    02    07    02   -2.2990    2.8224     -6.6749   3.6402    2.2543
    02    07    03   -2.2993    2.8246     -3.6589   3.6421    2.2540
    02    07    04   -2.2993    2.8261     -0.6428   3.6433    2.2538
    02    07    05   -2.2986    2.8265      2.3732   3.6432    2.2536
    02    07    06   -2.2968    2.8260      5.3888   3.6416    2.2533
    02    07    07   -2.2953    2.8268      8.4047   3.6413    2.2528
    02    07    08   -2.2937    2.8279     11.4183   3.6412    2.2523
    02    08    00   -3.0590    1.7802    -12.7122   3.5393    2.6145
    02    08    01   -3.0617    1.7830     -9.6969   3.5431    2.6143
    02    08    02   -3.0629    1.7831     -6.6805   3.5441    2.6144
    02    08    03   -3.0647    1.7841     -3.6626   3.5462    2.6144
    02    08    04   -3.0625    1.7840     -0.6464   3.5442    2.6141
    02    08    05   -3.0605    1.7838      2.3701   3.5424    2.6139
    02    08    06   -3.0595    1.7833      5.3864   3.5413    2.6139
    02    08    07   -3.0571    1.7824      8.4023   3.5388    2.6137
    02    08    08   -3.0565    1.7820     11.4154   3.5380    2.6137
    02    09    00   -3.4518    0.5683    -12.7210   3.4983    2.9784
    02    09    01   -3.4501    0.5677     -9.7026   3.4965    2.9785
    02    09    02   -3.4505    0.5668     -6.6848   3.4968    2.9788
    02    09    03   -3.4514    0.5666     -3.6650   3.4976    2.9789
    02    09    04   -3.4525    0.5673     -0.6473   3.4988    2.9787
    02    09    05   -3.4535    0.5675      2.3701   3.4998    2.9787
    02    09    06   -3.4537    0.5680      5.3864   3.5001    2.9786
    02    09    07   -3.4527    0.5691      8.4024   3.4993    2.9782
    02    09    08   -3.4511    0.5698     11.4154   3.4978    2.9780
    02    10    00   -3.5006   -0.7167    -12.6902   3.5732   -2.9396
    02    10    01   -3.4966   -0.7164     -9.6739   3.5693   -2.9395
    02    10    02   -3.4940   -0.7164     -6.6587   3.5667   -2.9394
    02    10    03   -3.4907   -0.7165     -3.6438   3.5635   -2.9391
    02    10    04   -3.4886   -0.7173     -0.6289   3.5616   -2.9388
    02    10    05   -3.4849   -0.7181      2.3860   3.5581   -2.9384
    02    10    06   -3.4807   -0.7173      5.4007   3.5539   -2.9384
    02    10    07   -3.4789   -0.7167      8.4163   3.5520   -2.9384
    02    10    08   -3.4769   -0.7153     11.4305   3.5497   -2.9387
    02    11    00   -3.0851   -1.9284    -12.6897   3.6382   -2.5829
    02    11    01   -3.0839   -1.9290     -9.6731   3.6375   -2.5826
    02    11    02   -3.0830   -1.9292     -6.6578   3.6368   -2.5825
    02    11    03   -3.0800   -1.9280     -3.6418   3.6337   -2.5823
    02    11    04   -3.0784   -1.9282     -0.6270   3.6324   -2.5820
    02    11    05   -3.0768   -1.9295      2.3882   3.6318   -2.5815
    02    11    06   -3.0744   -1.9303      5.4021   3.6301   -2.5809
    02    11    07   -3.0730   -1.9327      8.4181   3.6302   -2.5802
    02    11    08   -3.0710   -1.9331     11.4331   3.6288   -2.5798
    02    12    00   -2.3168   -2.9473    -12.6803   3.7489   -2.2370
    02    12    01   -2.3160   -2.9487     -9.6686   3.7495   -2.2366
    02    12    02   -2.3139   -2.9493     -6.6526   3.7487   -2.2361
    02    12    03   -2.3093   -2.9475     -3.6373   3.7444   -2.2354
    02    12    04   -2.3060   -2.9486     -0.6203   3.7433   -2.2345
    02    12    05   -2.3038   -2.9512      2.3955   3.7439   -2.2336
    02    12    06   -2.3022   -2.9544      5.4106   3.7455   -2.2327
    02    12    07   -2.3021   -2.9575      8.4249   3.7479   -2.2322
    02    12    08   -2.3009   -2.9598     11.4399   3.7489   -2.2316
    02    13    00   -1.2762   -3.6712    -12.6819   3.8867   -1.9054
    02    13    01   -1.2714   -3.6660     -9.6624   3.8802   -1.9046
    02    13    02   -1.2679   -3.6651     -6.6455   3.8782   -1.9038
    02    13    03   -1.2637   -3.6671     -3.6295   3.8788   -1.9026
    02    13    04   -1.2607   -3.6700     -0.6114   3.8805   -1.9017
    02    13    05   -1.2575   -3.6742      2.4039   3.8834   -1.9005
    02    13    06   -1.2552   -3.6804      5.4195   3.8886   -1.8995
    02    13    07   -1.2542   -3.6864      8.4331   3.8939   -1.8987
    02    13    08   -1.2523   -3.6909     11.4483   3.8975   -1.8979
    02    14    00   -0.0772   -4.1219    -12.6249   4.1227   -1.5895
    02    14    01   -0.0708   -4.1430     -9.6950   4.1437   -1.5879
    02    14    02   -0.0686   -4.1415     -6.6789   4.1420   -1.5874
    02    14    03   -0.0649   -4.1426     -3.6628   4.1431   -1.5865
    02    14    04   -0.0610   -4.1457     -0.6474   4.1462   -1.5855
    02    14    05   -0.0564   -4.1507      2.3703   4.1510   -1.5844
    02    14    06   -0.0524   -4.1546      5.3874   4.1549   -1.5834
    02    14    07   -0.0490   -4.1586      8.4036   4.1588   -1.5826
    02    14    08   -0.0466   -4.1630     11.4184   4.1633   -1.5820
    02    15    00    1.2466   -4.1600    -12.7498   4.3428   -1.2796
    02    15    01    1.2502   -4.1573     -9.7358   4.3412   -1.2787
    02    15    02    1.2548   -4.1551     -6.7209   4.3404   -1.2775
    02    15    03    1.2597   -4.1516     -3.7051   4.3385   -1.2762
    02    15    04    1.2644   -4.1510     -0.6899   4.3394   -1.2751
    02    15    05    1.2693   -4.1488      2.3270   4.3386   -1.2739
    02    15    06    1.2743   -4.1512      5.3406   4.3424   -1.2730
    02    15    07    1.2781   -4.1520      8.3546   4.3442   -1.2722
    02    15    08    1.2821   -4.1556     11.3705   4.3489   -1.2715
    02    16    00    2.4683   -3.7604    -12.7668   4.4981   -0.9899
    02    16    01    2.4727   -3.7597     -9.7536   4.5000   -0.9890
    02    16    02    2.4779   -3.7591     -6.7379   4.5023   -0.9880
    02    16    03    2.4825   -3.7574     -3.7222   4.5034   -0.9869
    02    16    04    2.4871   -3.7569     -0.7062   4.5055   -0.9860
    02    16    05    2.4927   -3.7570      2.3096   4.5088   -0.9850
    02    16    06    2.4966   -3.7557      5.3247   4.5098   -0.9841
    02    16    07    2.5025   -3.7556      8.3411   4.5129   -0.9830
    02    16    08    2.5074   -3.7552     11.3571   4.5154   -0.9821
    02    17    00    3.5086   -2.9983    -12.7721   4.6151   -0.7071
    02    17    01    3.5130   -2.9966     -9.7572   4.6174   -0.7062
    02    17    02    3.5179   -2.9960     -6.7419   4.6208   -0.7054
    02    17    03    3.5243   -2.9958     -3.7265   4.6256   -0.7045
    02    17    04    3.5286   -2.9949     -0.7094   4.6282   -0.7038
    02    17    05    3.5333   -2.9937      2.3062   4.6310   -0.7029
    02    17    06    3.5375   -2.9937      5.3225   4.6343   -0.7023
    02    17    07    3.5413   -2.9933      8.3382   4.6368   -0.7017
    02    17    08    3.5460   -2.9932     11.3555   4.6404   -0.7011
    02    18    00    4.2561   -1.9517    -12.7835   4.6822   -0.4300
    02    18    01    4.2583   -1.9496     -9.7689   4.6833   -0.4293
    02    18    02    4.2615   -1.9482     -6.7522   4.6857   -0.4288
    02    18    03    4.2664   -1.9471     -3.7367   4.6897   -0.4281
    02    18    04    4.2687   -1.9451     -0.7207   4.6909   -0.4276
    02    18    05    4.2736   -1.9439      2.2970   4.6949   -0.4269
    02    18    06    4.2785   -1.9433      5.3148   4.6992   -0.4263
    02    18    07    4.2825   -1.9427      8.3318   4.7026   -0.4259
    02    18    08    4.2889   -1.9429     11.3487   4.7085   -0.4254
    02    19    00    4.6409   -0.7242    -12.7963   4.6970   -0.1548
    02    19    01    4.6431   -0.7233     -9.7795   4.6991   -0.1545
    02    19    02    4.6465   -0.7221     -6.7635   4.7023   -0.1542
    02    19    03    4.6500   -0.7203     -3.7477   4.7055   -0.1537
    02    19    04    4.6543   -0.7188     -0.7297   4.7095   -0.1532
    02    19    05    4.6580   -0.7167      2.2875   4.7128   -0.1527
    02    19    06    4.6631   -0.7150      5.3065   4.7176   -0.1522
    02    19    07    4.6666   -0.7136      8.3249   4.7208   -0.1517
    02    19    08    4.6699   -0.7118     11.3417   4.7238   -0.1513
